24379
62591
26967
59187
24376
17172
21864
19712
60693
44896
36032
33312
61799
57322
48958
44399
1180
65208
267
52466
18906
53330
6197
33703
36738
57666
40733
37453
47110
1086
31724
56147
36792
10243
44899
6520
30774
54119
49549
8249
17818
64611
35001
29462
27980
7167
53631
48957
12363
16771
42242
45245
50062
60273
55350
17108
65075
51289
62230
63769
47128
28068
52301
63163
35059
2617
54473
8362
55743
8105
39255
63787
25902
8643
34570
44376
6547
19153
17414
33231
25582
1634
43383
61792
59982
40341
34727
4414
41123
41684
14813
14441
32583
20423
49153
11706
23532
15207
40827
55203
62671
40952
28186
19575
61605
48353
20752
20572
52488
40980
18814
34988
42496
63814
14327
39530
46486
14218
39671
54317
65170
35819
12770
6715
64443
63893
37085
24406
27034
6790
63998
48276
28104
61043
22634
4229
59643
60726
20867
12334
43495
46760
2754
1379
21400
25514
30467
15299
948
32647
59271
17088
22817
41441
56058
48455
15135
6324
59962
59855
20846
60208
34677
62801
14476
6732
33473
33765
12036
34433
57284
24560
58173
29675
7367
14379
41310
45831
13470
33400
61540
60607
11478
2258
37128
10431
10275
50172
14965
5459
44388
34749
42182
56470
1190
40077
51604
60380
20779
52403
27693
17405
63523
9567
14138
64529
13188
55689
8580
8257
40406
23156
32869
5106
31397
729
45526
60925
24146
11396
43765
48892
13050
26169
57195
29039
62984
55327
56335
39345
42477
61689
57393
31886
57643
54608
40596
14192
37343
64750
52936
63518
33614
6472
8728
50435
62507
4810
41508
27961
41017
20931
11239
51814
35171
62454
9481
51438
8908
14400
19703
28324
49972
43022
37848
55288
15851
6458
45274
26835
46743
60508
7270
1209
43720
12778
33560
22918
28724
3576
30932
13801
10007
38238
31098
41030
12334
59755
17324
18605
23784
57300
35629
57579
18875
34044
28845
34061
3391
7600
15826
21711
50731
32006
35604
38892
44462
61817
15060
46164
30291
17403
63305
4616
43131
12986
4255
64805
53381
2544
31540
10151
5663
62886
7315
39462
54390
63967
48568
28899
5664
10727
39888
31250
12741
23794
17151
46795
58527
50429
51752
29212
6408
7821
43168
28113
26900
47869
51173
57898
29327
7651
35288
23077
16906
57002
47145
61560
45372
46152
33084
65281
16612
8249
11028
55991
6950
55708
12993
58897
57333
34858
28666
51960
11501
23151
9710
32871
31864
47635
56657
22262
45024
42439
32149
24239
1320
49477
29983
20627
13938
53921
18284
49814
23952
26531
36382
54933
62864
40856
13149
6036
60753
23842
21201
42232
23772
22858
65398
46480
45548
1197
63800
31855
25313
50793
51891
27653
45281
53639
36600
6350
13747
29324
52777
47272
55074
48716
5904
38548
58283
62260
45372
14517
10790
36150
32624
22461
39709
3218
51939
55391
44596
12102
42524
28818
21303
60926
10039
32776
35988
58995
16032
25910
2941
6213
5561
33606
54227
29954
59903
35071
21111
57881
23071
57813
41794
62122
15471
41219
28556
63845
54917
32491
45655
44578
48512
33611
24371
45645
43872
53170
60320
55358
10372
19612
52184
28422
22148
9661
17002
37824
21590
28373
20781
60909
20513
42690
343
27510
13017
19001
41671
54641
394
14081
36716
7762
18888
15425
41526
26565
46881
6150
4204
10131
57262
3759
3073
57961
23498
49605
21635
26414
55591
31256
9779
45046
25004
34865
17031
54535
60353
65296
50775
15572
14644
62420
18277
14261
23824
45480
6175
61868
7324
20484
23671
28115
64994
45832
51478
37064
50018
54711
58838
63267
29326
64806
41212
62910
50807
1576
236
4355
8925
54539
6614
253
6939
15536
56022
59387
23815
45081
15797
19253
3994
15254
19803
5720
20658
39227
60346
5793
41582
31679
20613
58919
34820
11013
43258
54959
57724
21364
50723
37641
28196
1048
19744
37009
15454
40106
50111
5798
17351
13150
11789
18860
23045
24455
50906
57527
39837
31216
59593
45815
3868
10762
11876
14838
6588
26808
35202
17083
34804
10778
60374
63349
47716
20506
40822
63561
38371
54103
40283
37389
21939
45124
48376
6032
21859
54900
10728
44033
28454
22764
65271
17586
3930
29694
34628
36098
41212
44941
31419
35323
19794
49354
35144
8990
7387
41855
56238
64728
38290
18039
30948
42331
52300
44916
3691
59581
10578
34491
47287
2824
38128
59435
37251
41224
27795
19557
60476
10484
9594
32887
59269
23889
21563
24911
60889
27678
31189
23251
45399
52681
21639
13487
24415
55191
62991
14651
10989
26501
52990
14707
51132
8605
37078
56301
8155
49876
60520
18599
65523
35374
1968
59478
61539
51211
9345
8196
10392
19344
32838
49488
60137
53606
29269
10546
32873
21408
19279
37475
4344
23258
22939
4694
15295
19157
46854
45001
23113
21251
28267
25844
60395
52301
61
5458
43879
41606
1564
13379
7366
6227
31325
15984
235
2453
5437
12412
36348
31026
63498
51717
50030
1388
998
59579
54495
2121
22301
23745
54171
2543
28376
51580
17099
32684
54328
64807
41240
64973
24870
29145
41828
19147
29480
46207
35359
37308
36708
19966
50492
5863
23241
38997
54522
48585
33428
385
50848
47705
31806
32850
53200
27076
28238
4255
53159
26598
16018
38010
1634
2109
41683
25463
14781
51620
12582
36911
2217
46501
10514
45777
9282
52538
63607
3708
61568
16261
7127
43526
7413
41327
49707
29828
44992
20961
48781
36380
53836
41814
36456
5928
13180
60199
10092
34340
48365
49046
34278
2343
37951
8540
36844
13673
19682
6793
25917
38754
56964
13656
974
13336
28233
43070
48996
55555
31174
60216
13355
5962
10379
48028
31330
57756
55248
8561
43339
9647
45679
31266
29341
5015
57675
43541
27434
35401
38010
36884
41560
51593
34709
31807
32263
53989
23174
30472
33853
3370
65384
28086
15698
52289
58496
7963
43275
23327
27372
51001
46286
23074
40355
53592
41413
33483
9500
12299
38100
48561
49335
45061
28920
35285
29621
40864
17398
55534
22310
20444
44794
6935
8198
16030
56695
25110
53213
33664
28204
28968
23139
25208
41307
42547
57946
39065
46513
56506
22285
6499
30716
28240
61796
62570
6678
65381
18118
3694
45165
55034
18487
13275
38117
37822
43136
59375
3606
28162
23605
45377
15654
9139
29888
42144
36689
46774
46178
38999
60459
24217
20141
58895
5111
18683
14126
32576
11087
55397
47604
35142
12313
7176
26213
53626
112
56316
20451
26822
